https://www.youtube.com/watch?v=jQRHwqNC_0U
308341367 0.532139961 0.946026558 0.500000000 0.500000000 0.000000000 0.000000000 0.978989959 -0.010294991 -0.203648433 -0.000762398 -0.007398812 0.996273518 -0.085932352 -0.031535059 0.203774214 0.085633665 0.975265563 -0.153683138
308374733 0.532139961 0.946026558 0.500000000 0.500000000 0.000000000 0.000000000 0.977586806 -0.011497887 -0.210218683 0.002481976 -0.007218716 0.996089876 -0.088050455 -0.033528951 0.210409090 0.087594472 0.973681271 -0.161050474
308408100 0.532139961 0.946026558 0.500000000 0.500000000 0.000000000 0.000000000 0.976103604 -0.012630552 -0.216938347 0.005673227 -0.007174566 0.995891988 -0.090264283 -0.034554699 0.217187256 0.089663729 0.972003162 -0.168504957
308441467 0.532139961 0.946026558 0.500000000 0.500000000 0.000000000 0.000000000 0.974509835 -0.013677491 -0.223927394 0.008982419 -0.007251760 0.995697796 -0.092376187 -0.035320741 0.224227488 0.091645375 0.970218122 -0.175504380
308474833 0.532139961 0.946026558 0.500000000 0.500000000 0.000000000 0.000000000 0.972881317 -0.014926891 -0.230822623 0.012480344 -0.007060312 0.995534182 -0.094137549 -0.036223930 0.231196985 0.093214348 0.968431234 -0.182418105
308508200 0.532139961 0.946026558 0.500000000 0.500000000 0.000000000 0.000000000 0.971116245 -0.015677260 -0.238091335 0.016362104 -0.007245381 0.995441616 -0.095097564 -0.037379468 0.238496885 0.094075851 0.966575921 -0.188874438
308541567 0.532139961 0.946026558 0.500000000 0.500000000 0.000000000 0.000000000 0.969348371 -0.016915115 -0.245107263 0.019519189 -0.007186836 0.995248139 -0.097105585 -0.037570019 0.245585099 0.095890686 0.964620590 -0.194434889
308608300 0.532139961 0.946026558 0.500000000 0.500000000 0.000000000 0.000000000 0.965482831 -0.019274237 -0.259752661 0.026318709 -0.007045615 0.994960845 -0.100016415 -0.039387193 0.260371476 0.098394245 0.960481763 -0.206582088
308641667 0.532139961 0.946026558 0.500000000 0.500000000 0.000000000 0.000000000 0.963333905 -0.020359756 -0.267531812 0.029517279 -0.007176768 0.994804621 -0.101549059 -0.039716119 0.268209398 0.099745661 0.958182931 -0.212002640
308675033 0.532139961 0.946026558 0.500000000 0.500000000 0.000000000 0.000000000 0.961007357 -0.021468673 -0.275688171 0.032829264 -0.007240514 0.994686186 -0.102698565 -0.040377398 0.276428014 0.100690201 0.955745280 -0.217063216
308708400 0.532139961 0.946026558 0.500000000 0.500000000 0.000000000 0.000000000 0.958558679 -0.022696253 -0.283989727 0.036218875 -0.007334619 0.994525313 -0.104238495 -0.041102245 0.284800768 0.102001667 0.953144372 -0.221993067
308741767 0.532139961 0.946026558 0.500000000 0.500000000 0.000000000 0.000000000 0.955935478 -0.023643453 -0.292623252 0.039282347 -0.007694451 0.994391501 -0.105481185 -0.040878463 0.293476015 0.103084780 0.950392187 -0.226182594
308775133 0.532139961 0.946026558 0.500000000 0.500000000 0.000000000 0.000000000 0.953253388 -0.024266239 -0.301196188 0.041521166 -0.008146173 0.994344234 -0.105892323 -0.041338713 0.302062303 0.103395812 0.947664320 -0.229231401
308808500 0.532139961 0.946026558 0.500000000 0.500000000 0.000000000 0.000000000 0.950509310 -0.025124749 -0.309678584 0.044002359 -0.008489858 0.994252503 -0.106723674 -0.041918199 0.310580105 0.104070969 0.944832921 -0.232545524
308875233 0.532139961 0.946026558 0.500000000 0.500000000 0.000000000 0.000000000 0.944740891 -0.027402855 -0.326670647 0.049495607 -0.008745467 0.994038582 -0.108677343 -0.043024623 0.327701300 0.105528817 0.938869298 -0.238573853
308908600 0.532139961 0.946026558 0.500000000 0.500000000 0.000000000 0.000000000 0.941721439 -0.028621495 -0.335173875 0.052471544 -0.008895036 0.993906736 -0.109864593 -0.043136616 0.336276084 0.106443226 0.935728729 -0.241383039
308941967 0.532139961 0.946026558 0.500000000 0.500000000 0.000000000 0.000000000 0.938513279 -0.029339867 -0.343994170 0.055158821 -0.009417908 0.993835866 -0.110460714 -0.042776764 0.345114648 0.106908552 0.932451844 -0.243680639
308975333 0.532139961 0.946026558 0.500000000 0.500000000 0.000000000 0.000000000 0.935223758 -0.030297186 -0.352758616 0.057885988 -0.009723495 0.993758440 -0.111129038 -0.043273624 0.353923738 0.107360564 0.929091871 -0.245835520
309008700 0.532139961 0.946026558 0.500000000 0.500000000 0.000000000 0.000000000 0.931820571 -0.030954622 -0.361596853 0.060782047 -0.010214265 0.993724287 -0.111389861 -0.043572254 0.362775594 0.107488804 0.925656557 -0.247905504
309042067 0.532139961 0.946026558 0.500000000 0.500000000 0.000000000 0.000000000 0.928349078 -0.031636182 -0.370360881 0.063609461 -0.010624910 0.993705988 -0.111514710 -0.043950611 0.371557742 0.107459627 0.922169864 -0.249844265
309075433 0.532139961 0.946026558 0.500000000 0.500000000 0.000000000 0.000000000 0.924848616 -0.032647923 -0.378931642 0.066337543 -0.010918945 0.993619144 -0.112257645 -0.044287495 0.380178690 0.107958861 0.918590784 -0.251641562
309108800 0.532139961 0.946026558 0.500000000 0.500000000 0.000000000 0.000000000 0.921171725 -0.033373199 -0.387722611 0.069763984 -0.011345040 0.993589520 -0.112477288 -0.045101364 0.388990849 0.108009629 0.914887965 -0.254094049
309142167 0.532139961 0.946026558 0.500000000 0.500000000 0.000000000 0.000000000 0.917566240 -0.034442890 -0.396088243 0.072676557 -0.011466603 0.993533552 -0.112958498 -0.045261007 0.397417575 0.108188689 0.911237895 -0.255692348
309208900 0.532139961 0.946026558 0.500000000 0.500000000 0.000000000 0.000000000 0.910201550 -0.035699584 -0.412624091 0.078700093 -0.012179646 0.993540049 -0.112826422 -0.046712792 0.413986415 0.107720405 0.903886914 -0.259251707
309242267 0.532139961 0.946026558 0.500000000 0.500000000 0.000000000 0.000000000 0.906504273 -0.036408246 -0.420623928 0.081863254 -0.012601309 0.993497729 -0.113152504 -0.047517248 0.422008604 0.107873634 0.900151134 -0.260734715
309275633 0.532139961 0.946026558 0.500000000 0.500000000 0.000000000 0.000000000 0.902823627 -0.037298322 -0.428390414 0.085099882 -0.012867143 0.993441820 -0.113612421 -0.048487376 0.429818511 0.108084142 0.896422803 -0.262961863
309309000 0.532139961 0.946026558 0.500000000 0.500000000 0.000000000 0.000000000 0.899192631 -0.037919387 -0.435906827 0.088240571 -0.013205825 0.993431985 -0.113659412 -0.050131037 0.437353671 0.107958212 0.892785966 -0.264952805
309342367 0.532139961 0.946026558 0.500000000 0.500000000 0.000000000 0.000000000 0.895653009 -0.038608752 -0.443074495 0.091415472 -0.013500394 0.993405759 -0.113854058 -0.051581030 0.444548517 0.107955411 0.889225662 -0.267106652
309409100 0.532139961 0.946026558 0.500000000 0.500000000 0.000000000 0.000000000 0.889143944 -0.039823636 -0.455891609 0.096863763 -0.014223916 0.993320107 -0.114511266 -0.055615774 0.457406580 0.108301558 0.882638097 -0.271985441
309442467 0.532139961 0.946026558 0.500000000 0.500000000 0.000000000 0.000000000 0.886038363 -0.040410291 -0.461847425 0.099748874 -0.014641317 0.993258059 -0.114996016 -0.057240949 0.463380694 0.108652942 0.879473090 -0.275233826
309475833 0.532139961 0.946026558 0.500000000 0.500000000 0.000000000 0.000000000 0.883017659 -0.040438525 -0.467594445 0.102214218 -0.015467658 0.993232727 -0.115106329 -0.059105627 0.469084859 0.108873509 0.876416564 -0.278934678
309509200 0.532139961 0.946026558 0.500000000 0.500000000 0.000000000 0.000000000 0.880132735 -0.040309701 -0.473013163 0.104434028 -0.016339598 0.993225932 -0.115044698 -0.062218033 0.474446356 0.108983450 0.873512030 -0.284099169
309542567 0.532139961 0.946026558 0.500000000 0.500000000 0.000000000 0.000000000 0.877503335 -0.040934134 -0.477820396 0.106557835 -0.016707798 0.993136227 -0.115763828 -0.063666219 0.479279459 0.109566472 0.870796442 -0.287968235
309575933 0.532139961 0.946026558 0.500000000 0.500000000 0.000000000 0.000000000 0.874932587 -0.041235302 -0.482485890 0.109189737 -0.017189724 0.993095100 -0.116045728 -0.065114870 0.483939558 0.109825991 0.868182421 -0.292159517
309609300 0.532139961 0.946026558 0.500000000 0.500000000 0.000000000 0.000000000 0.872594893 -0.041835159 -0.486649781 0.111891410 -0.017455684 0.993017972 -0.116664611 -0.066478178 0.488132656 0.110295743 0.865772128 -0.296800241
309642667 0.532139961 0.946026558 0.500000000 0.500000000 0.000000000 0.000000000 0.870423913 -0.042362280 -0.490476996 0.114751898 -0.017655376 0.992963910 -0.117093928 -0.068415958 0.491986305 0.110580906 0.863551557 -0.302172177
309676033 0.532139961 0.946026558 0.500000000 0.500000000 0.000000000 0.000000000 0.868541598 -0.042488880 -0.493791699 0.117357209 -0.018038228 0.992948353 -0.117167257 -0.070397371 0.495287955 0.110671766 0.861650527 -0.307614305
309709400 0.532139961 0.946026558 0.500000000 0.500000000 0.000000000 0.000000000 0.867060125 -0.042669602 -0.496372908 0.120216022 -0.018459057 0.992890000 -0.117595725 -0.072785828 0.497861445 0.111125141 0.860107660 -0.313736773
309742767 0.532139961 0.946026558 0.500000000 0.500000000 0.000000000 0.000000000 0.866088688 -0.043403506 -0.498002529 0.122453533 -0.018637195 0.992727280 -0.118933745 -0.074490817 0.499542832 0.112288542 0.858980954 -0.320628504
309776133 0.532139961 0.946026558 0.500000000 0.500000000 0.000000000 0.000000000 0.865360856 -0.043743186 -0.499236524 0.125043974 -0.018964697 0.992611408 -0.119845577 -0.076056429 0.500790298 0.113177545 0.858137488 -0.327066266
309809500 0.532139961 0.946026558 0.500000000 0.500000000 0.000000000 0.000000000 0.864906728 -0.043624546 -0.500033319 0.127037753 -0.019370638 0.992572725 -0.120100662 -0.077751779 0.501558721 0.113561831 0.857637763 -0.333684160
309842867 0.532139961 0.946026558 0.500000000 0.500000000 0.000000000 0.000000000 0.864720166 -0.043874834 -0.500333965 0.129334470 -0.019549016 0.992482126 -0.120818146 -0.078636717 0.501873374 0.114254922 0.857361615 -0.339359986
309876233 0.532139961 0.946026558 0.500000000 0.500000000 0.000000000 0.000000000 0.864809155 -0.044859517 -0.500092745 0.131949856 -0.019065719 0.992348671 -0.121986344 -0.079543457 0.501738608 0.115029529 0.857336879 -0.345644978
309909600 0.532139961 0.946026558 0.500000000 0.500000000 0.000000000 0.000000000 0.864958882 -0.045732468 -0.499754608 0.135265495 -0.018738804 0.992201388 -0.123228706 -0.079543122 0.501492739 0.115952566 0.857356429 -0.352907848
309942967 0.532139961 0.946026558 0.500000000 0.500000000 0.000000000 0.000000000 0.865252912 -0.046075005 -0.499213874 0.137627428 -0.018783100 0.992089391 -0.124120452 -0.079804843 0.500983596 0.116772369 0.857542753 -0.358817645
309976333 0.532139961 0.946026558 0.500000000 0.500000000 0.000000000 0.000000000 0.865726292 -0.046780419 -0.498326808 0.140424549 -0.018578010 0.991933227 -0.125392660 -0.079780661 0.500172853 0.117813639 0.857873559 -0.365907578
310009700 0.532139961 0.946026558 0.500000000 0.500000000 0.000000000 0.000000000 0.866338551 -0.047223259 -0.497219771 0.142905036 -0.018469006 0.991810381 -0.126376569 -0.079630830 0.499115646 0.118668057 0.858371377 -0.372282108
310043067 0.532139961 0.946026558 0.500000000 0.500000000 0.000000000 0.000000000 0.867112100 -0.048142657 -0.495781094 0.145746867 -0.017913677 0.991660655 -0.127625570 -0.079277595 0.497790813 0.119546935 0.859018505 -0.379002051
310076433 0.532139961 0.946026558 0.500000000 0.500000000 0.000000000 0.000000000 0.868119121 -0.048691329 -0.493961900 0.147833429 -0.017613675 0.991528034 -0.128693298 -0.078908849 0.496043295 0.120421596 0.859906793 -0.385541694
310109800 0.532139961 0.946026558 0.500000000 0.500000000 0.000000000 0.000000000 0.869378269 -0.049083445 -0.491703421 0.149461353 -0.017440626 0.991386771 -0.129800156 -0.078681040 0.493839294 0.121421054 0.861034095 -0.391950834
310143167 0.532139961 0.946026558 0.500000000 0.500000000 0.000000000 0.000000000 0.870869160 -0.049489144 -0.489017129 0.150919036 -0.017325647 0.991209030 -0.131166071 -0.078495760 0.491209477 0.122701019 0.862355888 -0.397968385
310176533 0.532139961 0.946026558 0.500000000 0.500000000 0.000000000 0.000000000 0.872643054 -0.050130539 -0.485778838 0.152483740 -0.016998386 0.990996718 -0.132802665 -0.078367440 0.488062710 0.124146774 0.863934219 -0.404034113
310209900 0.532139961 0.946026558 0.500000000 0.500000000 0.000000000 0.000000000 0.874584794 -0.050529797 -0.482232451 0.154256000 -0.016926475 0.990767121 -0.134513766 -0.078088113 0.484577030 0.125806183 0.865654588 -0.410133718
310243267 0.532139961 0.946026558 0.500000000 0.500000000 0.000000000 0.000000000 0.876766086 -0.051406279 -0.478161752 0.155479703 -0.016476333 0.990476072 -0.136695534 -0.077475491 0.480634779 0.127728358 0.867568851 -0.416093417
310276633 0.532139961 0.946026558 0.500000000 0.500000000 0.000000000 0.000000000 0.878964126 -0.051730625 -0.474073857 0.156369104 -0.016295806 0.990260482 -0.138270065 -0.077875636 0.476609409 0.129259840 0.869560421 -0.421790538
310310000 0.532139961 0.946026558 0.500000000 0.500000000 0.000000000 0.000000000 0.881164610 -0.052391429 -0.469897866 0.158341644 -0.015933618 0.989986777 -0.140258059 -0.077393435 0.472541004 0.131077617 0.871506572 -0.427604406
310343367 0.532139961 0.946026558 0.500000000 0.500000000 0.000000000 0.000000000 0.883479238 -0.053010881 -0.465461344 0.159226902 -0.015646443 0.989683807 -0.142412066 -0.076457552 0.468208939 0.133100927 0.873535633 -0.432891901
310376733 0.532139961 0.946026558 0.500000000 0.500000000 0.000000000 0.000000000 0.885817289 -0.053641621 -0.460923284 0.160340201 -0.015189376 0.989411891 -0.144337848 -0.076142363 0.463785470 0.134858102 0.875623405 -0.438094773
310410100 0.532139961 0.946026558 0.500000000 0.500000000 0.000000000 0.000000000 0.888150871 -0.054433405 -0.456316859 0.161588987 -0.014720289 0.989080846 -0.146636873 -0.075492546 0.459316224 0.136952788 0.877651751 -0.443043392
310443467 0.532139961 0.946026558 0.500000000 0.500000000 0.000000000 0.000000000 0.890383422 -0.055029280 -0.451872855 0.163150185 -0.014452326 0.988748491 -0.148887515 -0.074526466 0.454981804 0.139097601 0.879570007 -0.448171618
310476833 0.532139961 0.946026558 0.500000000 0.500000000 0.000000000 0.000000000 0.892586112 -0.055750020 -0.447417051 0.164995991 -0.014085147 0.988394022 -0.151257530 -0.074047945 0.450656950 0.141312301 0.881441534 -0.453008463
310510200 0.532139961 0.946026558 0.500000000 0.500000000 0.000000000 0.000000000 0.894740224 -0.056834452 -0.442955762 0.167782038 -0.013566600 0.987951994 -0.154165044 -0.073001057 0.446380883 0.143947065 0.883189321 -0.458082426
310543567 0.532139961 0.946026558 0.500000000 0.500000000 0.000000000 0.000000000 0.896918535 -0.057157692 -0.438486159 0.169308129 -0.013389797 0.987645686 -0.156130597 -0.072796601 0.441993028 0.145907670 0.885072410 -0.463078899
310576933 0.532139961 0.946026558 0.500000000 0.500000000 0.000000000 0.000000000 0.899071574 -0.057735413 -0.433977962 0.171331268 -0.012979353 0.987315476 -0.158239439 -0.073365528 0.437609196 0.147901341 0.886917949 -0.467917732
310610300 0.532139961 0.946026558 0.500000000 0.500000000 0.000000000 0.000000000 0.901260018 -0.058569729 -0.429301769 0.173732582 -0.012589230 0.986863136 -0.161067307 -0.073096514 0.433095753 0.150568098 0.888682902 -0.473122013
310643667 0.532139961 0.946026558 0.500000000 0.500000000 0.000000000 0.000000000 0.903436303 -0.058904551 -0.424656391 0.175884090 -0.012623640 0.986431837 -0.163685232 -0.072987367 0.428536385 0.153239891 0.890434802 -0.478237266
310677033 0.532139961 0.946026558 0.500000000 0.500000000 0.000000000 0.000000000 0.905687928 -0.059230026 -0.419787079 0.177477414 -0.012393922 0.986069798 -0.165869713 -0.073552826 0.423763841 0.155429006 0.892337382 -0.483350707
310710400 0.532139961 0.946026558 0.500000000 0.500000000 0.000000000 0.000000000 0.907836795 -0.059959110 -0.415014774 0.180778921 -0.011716512 0.985710561 -0.168039829 -0.074532453 0.419159949 0.157415256 0.894161820 -0.488501040
310743767 0.532139961 0.946026558 0.500000000 0.500000000 0.000000000 0.000000000 0.910057962 -0.060243253 -0.410079598 0.183003510 -0.011557028 0.985307992 -0.170395508 -0.075045629 0.414319873 0.159809083 0.895991147 -0.493310403
310777133 0.532139961 0.946026558 0.500000000 0.500000000 0.000000000 0.000000000 0.912262857 -0.061014563 -0.405035436 0.186047988 -0.010837990 0.984901488 -0.172776058 -0.075995106 0.409461886 0.162006959 0.897827804 -0.498587911
310810500 0.532139961 0.946026558 0.500000000 0.500000000 0.000000000 0.000000000 0.914368153 -0.061986543 -0.400110722 0.189918152 -0.009896113 0.984494388 -0.175136760 -0.076662609 0.404762864 0.164099008 0.899576843 -0.503910219
310843867 0.532139961 0.946026558 0.500000000 0.500000000 0.000000000 0.000000000 0.916438997 -0.062444899 -0.395272344 0.193107816 -0.009283510 0.984166741 -0.177001923 -0.078113470 0.400066763 0.165880978 0.901349068 -0.509387915
310877233 0.532139961 0.946026558 0.500000000 0.500000000 0.000000000 0.000000000 0.918424070 -0.063240312 -0.390509814 0.197583308 -0.008470051 0.983769834 -0.179234952 -0.079494934 0.395506650 0.167921335 0.902982235 -0.515165633
310910600 0.532139961 0.946026558 0.500000000 0.500000000 0.000000000 0.000000000 0.920403063 -0.064143844 -0.385673106 0.202006428 -0.007444195 0.983395875 -0.181320533 -0.080844478 0.390899926 0.169759005 0.904643118 -0.521350926
310943967 0.532139961 0.946026558 0.500000000 0.500000000 0.000000000 0.000000000 0.922320426 -0.064726412 -0.380966574 0.206782136 -0.006681100 0.983053684 -0.183196262 -0.082257295 0.386368215 0.171510920 0.906258047 -0.527740396
310977333 0.532139961 0.946026558 0.500000000 0.500000000 0.000000000 0.000000000 0.924230337 -0.065651573 -0.376149088 0.212224392 -0.005523140 0.982706308 -0.185088485 -0.084043648 0.381795466 0.173141927 0.907884419 -0.534609231
311010700 0.532139961 0.946026558 0.500000000 0.500000000 0.000000000 0.000000000 0.926216066 -0.066453293 -0.371089995 0.217445108 -0.004528342 0.982309401 -0.187210441 -0.086343467 0.376965940 0.175077736 0.909529805 -0.542115507
311044067 0.532139961 0.946026558 0.500000000 0.500000000 0.000000000 0.000000000 0.928198338 -0.067681506 -0.365878463 0.223651886 -0.003151126 0.981852353 -0.189620674 -0.087078935 0.372072458 0.177158520 0.911140442 -0.549962431
311077433 0.532139961 0.946026558 0.500000000 0.500000000 0.000000000 0.000000000 0.930172324 -0.068023682 -0.360766143 0.229434932 -0.002271302 0.981599092 -0.190939993 -0.089419263 0.367116153 0.178426504 0.912901819 -0.557824120
311110800 0.532139961 0.946026558 0.500000000 0.500000000 0.000000000 0.000000000 0.932240486 -0.069168136 -0.355166763 0.236034988 -0.000758263 0.981183887 -0.193074211 -0.090408553 0.361838460 0.180260912 0.914646864 -0.565607851
311144167 0.532139961 0.946026558 0.500000000 0.500000000 0.000000000 0.000000000 0.934392452 -0.069684349 -0.349363536 0.241615506 0.000344464 0.980858505 -0.194721580 -0.091157813 0.356245220 0.181826025 0.916530788 -0.573942644
311177533 0.532139961 0.946026558 0.500000000 0.500000000 0.000000000 0.000000000 0.936547995 -0.069909394 -0.343497574 0.247953960 0.001326483 0.980611086 -0.195959508 -0.092038047 0.350536942 0.183069825 0.918482065 -0.582354554
311210900 0.532139961 0.946026558 0.500000000 0.500000000 0.000000000 0.000000000 0.938818872 -0.070407048 -0.337137878 0.254541679 0.002780362 0.980399191 -0.197001785 -0.093128492 0.344399989 0.184011623 0.920613050 -0.591251028
311244267 0.532139961 0.946026558 0.500000000 0.500000000 0.000000000 0.000000000 0.941219509 -0.071606763 -0.330118626 0.261408430 0.004858018 0.980041802 -0.198732078 -0.093668373 0.337760627 0.185446784 0.922782362 -0.600339638
311277633 0.532139961 0.946026558 0.500000000 0.500000000 0.000000000 0.000000000 0.943640530 -0.073040113 -0.322812200 0.268115280 0.007165964 0.979625583 -0.200704545 -0.093540800 0.330894560 0.187079668 0.924937844 -0.610000653
311311000 0.532139961 0.946026558 0.500000000 0.500000000 0.000000000 0.000000000 0.945890248 -0.073155127 -0.316132903 0.274995138 0.008447010 0.979476154 -0.201382905 -0.093009238 0.324376851 0.187815741 0.927094877 -0.618876927
311344367 0.532139961 0.946026558 0.500000000 0.500000000 0.000000000 0.000000000 0.948223889 -0.073267952 -0.309036076 0.280257918 0.010031201 0.979450643 -0.201434463 -0.094604409 0.317444265 0.187904969 0.929473460 -0.627696107
311377733 0.532139961 0.946026558 0.500000000 0.500000000 0.000000000 0.000000000 0.950452030 -0.073764659 -0.301992863 0.286158851 0.011713448 0.979248285 -0.202325478 -0.094314557 0.310650468 0.188763276 0.931592584 -0.636671149
311411100 0.532139961 0.946026558 0.500000000 0.500000000 0.000000000 0.000000000 0.952679396 -0.074046955 -0.294820279 0.291001410 0.013235929 0.979062200 -0.203130454 -0.093537715 0.303688586 0.189615980 0.933712482 -0.646112429
311444467 0.532139961 0.946026558 0.500000000 0.500000000 0.000000000 0.000000000 0.954840362 -0.073838852 -0.287797987 0.295123006 0.014388267 0.978982508 -0.203435913 -0.093086854 0.296770692 0.190107912 0.935834467 -0.654897124
311477833 0.532139961 0.946026558 0.500000000 0.500000000 0.000000000 0.000000000 0.956956148 -0.073810153 -0.280690134 0.298572477 0.015708711 0.978876293 -0.203849196 -0.091982212 0.289807051 0.190665469 0.937901139 -0.663605042
311511200 0.532139961 0.946026558 0.500000000 0.500000000 0.000000000 0.000000000 0.958909094 -0.073471151 -0.274035364 0.302887300 0.016908780 0.978969991 -0.203302488 -0.091291349 0.283209264 0.190314993 0.939985514 -0.671861542
311544567 0.532139961 0.946026558 0.500000000 0.500000000 0.000000000 0.000000000 0.960915208 -0.073034637 -0.267035455 0.305233885 0.018035194 0.979039550 -0.202870086 -0.090740338 0.276254803 0.190124914 0.942091167 -0.679444737
311577933 0.532139961 0.946026558 0.500000000 0.500000000 0.000000000 0.000000000 0.962860346 -0.072711810 -0.260024965 0.307762635 0.019370908 0.979177117 -0.202081606 -0.090920256 0.269304216 0.189539433 0.944219291 -0.687383897
311611300 0.532139961 0.946026558 0.500000000 0.500000000 0.000000000 0.000000000 0.964723289 -0.072647713 -0.253043920 0.310300920 0.020861125 0.979244888 -0.201604083 -0.090013857 0.262438059 0.189213380 0.946215928 -0.695448574
311644667 0.532139961 0.946026558 0.500000000 0.500000000 0.000000000 0.000000000 0.966474175 -0.072109833 -0.246430144 0.312982566 0.021857465 0.979376078 -0.200860038 -0.089453733 0.255831778 0.188739702 0.948117852 -0.703693245
311678033 0.532139961 0.946026558 0.500000000 0.500000000 0.000000000 0.000000000 0.968180656 -0.071329243 -0.239871487 0.315451422 0.022735778 0.979626119 -0.199538723 -0.090076508 0.249217331 0.187735870 0.950076818 -0.711800049
311711400 0.532139961 0.946026558 0.500000000 0.500000000 0.000000000 0.000000000 0.969955564 -0.071214139 -0.232625648 0.317100588 0.024302205 0.979777157 -0.198610634 -0.090612638 0.242065176 0.186990172 0.952070951 -0.720312801
311744767 0.532139961 0.946026558 0.500000000 0.500000000 0.000000000 0.000000000 0.971625566 -0.070924461 -0.225640222 0.319752746 0.025612244 0.979922652 -0.197726145 -0.089705197 0.235133588 0.186336622 0.953934431 -0.728574924
311778133 0.532139961 0.946026558 0.500000000 0.500000000 0.000000000 0.000000000 0.973283887 -0.070123084 -0.218634889 0.321794502 0.026567144 0.980219960 -0.196119979 -0.090112218 0.228062809 0.185071915 0.955895245 -0.736742499
311811500 0.532139961 0.946026558 0.500000000 0.500000000 0.000000000 0.000000000 0.974936903 -0.069585592 -0.211319387 0.323677056 0.027854756 0.980532587 -0.194370747 -0.091601931 0.220730945 0.183612958 0.957895696 -0.745155898
311844867 0.532139961 0.946026558 0.500000000 0.500000000 0.000000000 0.000000000 0.976595521 -0.069111675 -0.203678071 0.325412651 0.029160401 0.980770290 -0.192974925 -0.093024940 0.213098213 0.182519123 0.959831178 -0.754124007
311878233 0.532139961 0.946026558 0.500000000 0.500000000 0.000000000 0.000000000 0.978225887 -0.068719827 -0.195835873 0.326756322 0.030567350 0.981006324 -0.191552296 -0.094584758 0.205279663 0.181395233 0.961746335 -0.763424584
311911600 0.532139961 0.946026558 0.500000000 0.500000000 0.000000000 0.000000000 0.979814947 -0.068927020 -0.187647790 0.328006537 0.032526776 0.981138051 -0.190552205 -0.095768335 0.197242588 0.180602327 0.963575721 -0.773234588
311944967 0.532139961 0.946026558 0.500000000 0.500000000 0.000000000 0.000000000 0.981304646 -0.068062313 -0.180024162 0.328447396 0.033387616 0.981400371 -0.189046592 -0.097650805 0.189542726 0.179501727 0.965325177 -0.782386835
312011700 0.532139961 0.946026558 0.500000000 0.500000000 0.000000000 0.000000000 0.984019220 -0.066852629 -0.165036008 0.330236824 0.035566866 0.981961370 -0.185706273 -0.102535450 0.174473941 0.176868737 0.968646646 -0.801399816
312045067 0.532139961 0.946026558 0.500000000 0.500000000 0.000000000 0.000000000 0.985290170 -0.067055240 -0.157184348 0.331143493 0.037411377 0.982126057 -0.184468970 -0.104100012 0.166744456 0.175874978 0.970187783 -0.810926836
312078433 0.532139961 0.946026558 0.500000000 0.500000000 0.000000000 0.000000000 0.986511946 -0.066422537 -0.149607107 0.331300563 0.038505107 0.982488394 -0.182301641 -0.108530280 0.159096181 0.174082100 0.971794128 -0.821033556
312111800 0.532139961 0.946026558 0.500000000 0.500000000 0.000000000 0.000000000 0.987675488 -0.066199258 -0.141826585 0.331072149 0.039902102 0.982707620 -0.180813685 -0.111372361 0.151343793 0.172926068 0.973237693 -0.830963007
312145167 0.532139961 0.946026558 0.500000000 0.500000000 0.000000000 0.000000000 0.988770187 -0.066454358 -0.133855835 0.331553583 0.041716520 0.982821703 -0.179780975 -0.112955349 0.143503651 0.172178060 0.974557042 -0.841682363
312178533 0.532139961 0.946026558 0.500000000 0.500000000 0.000000000 0.000000000 0.989837110 -0.066110969 -0.125903890 0.331052202 0.042937610 0.982986569 -0.178588212 -0.114563927 0.135568470 0.171367228 0.975835264 -0.852094252
312211900 0.532139961 0.946026558 0.500000000 0.500000000 0.000000000 0.000000000 0.990878463 -0.065578103 -0.117725685 0.330035525 0.044033892 0.983213663 -0.177064568 -0.116183646 0.127361059 0.170265540 0.977132976 -0.862277506
312278633 0.532139961 0.946026558 0.500000000 0.500000000 0.000000000 0.000000000 0.992744386 -0.066010535 -0.100504406 0.327745317 0.047590412 0.983286500 -0.175735101 -0.116441532 0.110424995 0.169676989 0.979293644 -0.882789347
312312000 0.532139961 0.946026558 0.500000000 0.500000000 0.000000000 0.000000000 0.993589461 -0.066247106 -0.091604158 0.325707106 0.049457088 0.983374178 -0.174726233 -0.116631901 0.101656273 0.169075668 0.980346560 -0.892507297
312345367 0.532139961 0.946026558 0.500000000 0.500000000 0.000000000 0.000000000 0.994361401 -0.066342220 -0.082729384 0.323188511 0.051096663 0.983346462 -0.174410120 -0.115774985 0.092922404 0.169199482 0.981191576 -0.902159014
312378733 0.532139961 0.946026558 0.500000000 0.500000000 0.000000000 0.000000000 0.995042205 -0.066394515 -0.074045502 0.321123021 0.052643880 0.983293295 -0.174249545 -0.114348298 0.084377661 0.169487610 0.981913626 -0.912162258
312412100 0.532139961 0.946026558 0.500000000 0.500000000 0.000000000 0.000000000 0.995613933 -0.066976570 -0.065322898 0.318750973 0.054698888 0.983161271 -0.174361438 -0.112374767 0.075901076 0.170023575 0.982512593 -0.921916724
312445467 0.532139961 0.946026558 0.500000000 0.500000000 0.000000000 0.000000000 0.996080637 -0.067227937 -0.057478175 0.317307963 0.056290012 0.983075321 -0.174339861 -0.110280604 0.068225883 0.170421124 0.983006537 -0.931334752
312478833 0.532139961 0.946026558 0.500000000 0.500000000 0.000000000 0.000000000 0.996468782 -0.067571491 -0.049840629 0.315618106 0.057968128 0.983067632 -0.173832446 -0.109043532 0.060742829 0.170329422 0.983513176 -0.939837206
312545567 0.532139961 0.946026558 0.500000000 0.500000000 0.000000000 0.000000000 0.996968269 -0.069315284 -0.035350382 0.314066124 0.062181991 0.982864857 -0.173522487 -0.105838595 0.046772409 0.170798257 0.984195232 -0.955363982
312578933 0.532139961 0.946026558 0.500000000 0.500000000 0.000000000 0.000000000 0.997107208 -0.070450135 -0.028530471 0.313899569 0.064466320 0.982708693 -0.173573241 -0.103689727 0.040265400 0.171231866 0.984407604 -0.963730355
312612300 0.532139961 0.946026558 0.500000000 0.500000000 0.000000000 0.000000000 0.997229338 -0.070999384 -0.022197181 0.313870797 0.066098705 0.982622564 -0.173446819 -0.101718329 0.034126069 0.171499059 0.984593034 -0.971128799
312645667 0.532139961 0.946026558 0.500000000 0.500000000 0.000000000 0.000000000 0.997287095 -0.071806230 -0.016196592 0.314430778 0.067936778 0.982572377 -0.173020676 -0.100299084 0.028338285 0.171450943 0.984785020 -0.978330016
312679033 0.532139961 0.946026558 0.500000000 0.500000000 0.000000000 0.000000000 0.997283638 -0.072916023 -0.010419844 0.315631738 0.070025228 0.982450604 -0.172879487 -0.098055672 0.022842666 0.171680242 0.984887838 -0.984845557
312712400 0.532139961 0.946026558 0.500000000 0.500000000 0.000000000 0.000000000 0.997224033 -0.074311025 -0.004705389 0.317342441 0.072381146 0.982274473 -0.172909766 -0.096280689 0.017471086 0.172089189 0.984926403 -0.992249970
312745767 0.532139961 0.946026558 0.500000000 0.500000000 0.000000000 0.000000000 0.997132242 -0.075674556 0.000820772 0.318938381 0.074675784 0.982096016 -0.172947705 -0.094996659 0.012281665 0.172513023 0.984930694 -0.999476186
312812500 0.532139961 0.946026558 0.500000000 0.500000000 0.000000000 0.000000000 0.996909559 -0.077861786 0.010432968 0.324937323 0.078491226 0.981783450 -0.173032805 -0.093071054 0.003229727 0.173316956 0.984860778 -1.013745687
312845867 0.532139961 0.946026558 0.500000000 0.500000000 0.000000000 0.000000000 0.996714592 -0.079571702 0.015111177 0.328924485 0.080987111 0.981538177 -0.173274204 -0.092338295 -0.001044474 0.173928753 0.984757662 -1.021159174
312879233 0.532139961 0.946026558 0.500000000 0.500000000 0.000000000 0.000000000 0.996513069 -0.081097923 0.019618591 0.333397250 0.083276160 0.981306016 -0.173503771 -0.091893403 -0.005181046 0.174532533 0.984637797 -1.029133014
312912600 0.532139961 0.946026558 0.500000000 0.500000000 0.000000000 0.000000000 0.996304870 -0.082457803 0.024027303 0.337992655 0.085388854 0.981065631 -0.173836112 -0.091045184 -0.009238216 0.175245434 0.984481454 -1.037087884
312945967 0.532139961 0.946026558 0.500000000 0.500000000 0.000000000 0.000000000 0.996070623 -0.083987780 0.028095186 0.343686830 0.087608948 0.980874479 -0.173810199 -0.091655046 -0.012959917 0.175588638 0.984378338 -1.044999310
312979333 0.532139961 0.946026558 0.500000000 0.500000000 0.000000000 0.000000000 0.995813906 -0.085612535 0.032017611 0.350273173 0.089899555 0.980658352 -0.173859864 -0.091970538 -0.016513752 0.176010445 0.984249771 -1.053555188
313012700 0.532139961 0.946026558 0.500000000 0.500000000 0.000000000 0.000000000 0.995503247 -0.087631822 0.035970747 0.357148609 0.092598148 0.980293870 -0.174497828 -0.090711195 -0.019970341 0.177043974 0.984000325 -1.061743164
313079433 0.532139961 0.946026558 0.500000000 0.500000000 0.000000000 0.000000000 0.994937420 -0.090959743 0.042729396 0.373297310 0.097084567 0.979798555 -0.174840838 -0.090398274 -0.025962725 0.178104073 0.983669102 -1.078977520
313112800 0.532139961 0.946026558 0.500000000 0.500000000 0.000000000 0.000000000 0.994614422 -0.092794865 0.046166051 0.381723551 0.099512480 0.979511738 -0.175082847 -0.089482401 -0.028973402 0.178734019 0.983470738 -1.087453627
313146167 0.532139961 0.946026558 0.500000000 0.500000000 0.000000000 0.000000000 0.994313717 -0.094416864 0.049250986 0.390708714 0.101667836 0.979261696 -0.175243229 -0.088835057 -0.031683687 0.179253995 0.983292520 -1.095919010
313179533 0.532139961 0.946026558 0.500000000 0.500000000 0.000000000 0.000000000 0.993896365 -0.096884072 0.052758712 0.399868176 0.104732476 0.978918135 -0.175357893 -0.087236466 -0.034657072 0.179813117 0.983090103 -1.104234639
313212900 0.532139961 0.946026558 0.500000000 0.500000000 0.000000000 0.000000000 0.993500292 -0.099100336 0.056002490 0.409121225 0.107507646 0.978583992 -0.175543502 -0.085376763 -0.037406720 0.180423230 0.982877493 -1.112553390
313246267 0.532139961 0.946026558 0.500000000 0.500000000 0.000000000 0.000000000 0.993204832 -0.100486375 0.058708660 0.418360786 0.109358117 0.978399456 -0.175428808 -0.084241278 -0.039812319 0.180656999 0.982740045 -1.120491631
313279633 0.532139961 0.946026558 0.500000000 0.500000000 0.000000000 0.000000000 0.992889166 -0.101999812 0.061376773 0.427805427 0.111317404 0.978242636 -0.175070733 -0.083516541 -0.042184193 0.180658147 0.982640922 -1.127647949
313346367 0.532139961 0.946026558 0.500000000 0.500000000 0.000000000 0.000000000 0.992061853 -0.106166579 0.067394227 0.445514137 0.116490223 0.977736056 -0.174534425 -0.080255502 -0.047364041 0.180999696 0.982341945 -1.142586657
313379733 0.532139961 0.946026558 0.500000000 0.500000000 0.000000000 0.000000000 0.991662741 -0.107884496 0.070469089 0.453512451 0.118734807 0.977493227 -0.174381718 -0.078337505 -0.050069973 0.181294993 0.982153296 -1.150170997
313413100 0.532139961 0.946026558 0.500000000 0.500000000 0.000000000 0.000000000 0.991388381 -0.108525760 0.073288999 0.460772594 0.119887300 0.977330446 -0.174505711 -0.076005143 -0.052689210 0.181789353 0.981924891 -1.158226337
313446467 0.532139961 0.946026558 0.500000000 0.500000000 0.000000000 0.000000000 0.991075039 -0.109311312 0.076297723 0.467606044 0.121208653 0.977176785 -0.174453244 -0.073937978 -0.055486653 0.182144195 0.981705010 -1.166156226
313479833 0.532139961 0.946026558 0.500000000 0.500000000 0.000000000 0.000000000 0.990619421 -0.110958062 0.079758711 0.474376029 0.123461276 0.976910770 -0.174363598 -0.071721072 -0.058570098 0.182575077 0.981445789 -1.174459386
313513200 0.532139961 0.946026558 0.500000000 0.500000000 0.000000000 0.000000000 0.990172505 -0.112342887 0.083291881 0.480516238 0.125477433 0.976650715 -0.174381196 -0.068654050 -0.061756589 0.183118701 0.981149137 -1.183004429
313546567 0.532139961 0.946026558 0.500000000 0.500000000 0.000000000 0.000000000 0.989827931 -0.113005586 0.086431257 0.486888950 0.126704708 0.976506293 -0.174302593 -0.067375589 -0.064703502 0.183480829 0.980891585 -1.191320360
313613300 0.532139961 0.946026558 0.500000000 0.500000000 0.000000000 0.000000000 0.988945186 -0.115346938 0.093179770 0.499662732 0.130252182 0.976069808 -0.174132317 -0.063686413 -0.070864335 0.184344187 0.980303764 -1.208898578
313646667 0.532139961 0.946026558 0.500000000 0.500000000 0.000000000 0.000000000 0.988459945 -0.116609581 0.096691161 0.506144929 0.132137433 0.975849390 -0.173947304 -0.062244953 -0.074072085 0.184716463 0.979996502 -1.217641786
313680033 0.532139961 0.946026558 0.500000000 0.500000000 0.000000000 0.000000000 0.988017082 -0.117491372 0.100090228 0.512718848 0.133605868 0.975730240 -0.173493326 -0.061754347 -0.077277094 0.184787005 0.979735672 -1.226863594
313713400 0.532139961 0.946026558 0.500000000 0.500000000 0.000000000 0.000000000 0.987563848 -0.118110009 0.103767216 0.518689193 0.134914964 0.975524366 -0.173638180 -0.060329507 -0.080719039 0.185478538 0.979327381 -1.236867288
313746767 0.532139961 0.946026558 0.500000000 0.500000000 0.000000000 0.000000000 0.987033010 -0.118996739 0.107729606 0.524762689 0.136519402 0.975330830 -0.173470974 -0.059829060 -0.084429525 0.185928762 0.978929102 -1.246822833
313780133 0.532139961 0.946026558 0.500000000 0.500000000 0.000000000 0.000000000 0.986401439 -0.120181613 0.112109698 0.530664721 0.138509735 0.975059330 -0.173419476 -0.059006379 -0.088471778 0.186589509 0.978446245 -1.258217434
313813500 0.532139961 0.946026558 0.500000000 0.500000000 0.000000000 0.000000000 0.985843003 -0.120521255 0.116568401 0.535510951 0.139647990 0.974971712 -0.172998726 -0.059314780 -0.092800871 0.186828136 0.977999628 -1.269093504
313846867 0.532139961 0.946026558 0.500000000 0.500000000 0.000000000 0.000000000 0.985232770 -0.121064983 0.121076837 0.540980122 0.140994951 0.974857450 -0.172549531 -0.060076193 -0.097142950 0.187072679 0.977531075 -1.280287059
313880233 0.532139961 0.946026558 0.500000000 0.500000000 0.000000000 0.000000000 0.984595537 -0.121475510 0.125759080 0.546086741 0.142260700 0.974723399 -0.172267690 -0.060268856 -0.101654008 0.187504575 0.976989508 -1.291598254
313913600 0.532139961 0.946026558 0.500000000 0.500000000 0.000000000 0.000000000 0.983899355 -0.121927045 0.130674735 0.550774390 0.143620268 0.974562824 -0.172047913 -0.060330612 -0.106373444 0.188045368 0.976382911 -1.304011370
313946967 0.532139961 0.946026558 0.500000000 0.500000000 0.000000000 0.000000000 0.983338177 -0.121466361 0.135247782 0.555621417 0.143982768 0.974595249 -0.171560779 -0.061902538 -0.110972978 0.188175604 0.975845754 -1.315990335
313980333 0.532139961 0.946026558 0.500000000 0.500000000 0.000000000 0.000000000 0.982553363 -0.122138359 0.140253618 0.560540623 0.145558864 0.974434435 -0.171143770 -0.061990912 -0.115764737 0.188573048 0.975212157 -1.328550227
314013700 0.532139961 0.946026558 0.500000000 0.500000000 0.000000000 0.000000000 0.981700897 -0.122885726 0.145473063 0.564752855 0.147349611 0.974100709 -0.171510577 -0.060449997 -0.120629206 0.189807490 0.974382758 -1.341307995
314047067 0.532139961 0.946026558 0.500000000 0.500000000 0.000000000 0.000000000 0.981288731 -0.121079043 0.149707228 0.568971736 0.146342263 0.974299014 -0.171246439 -0.061612007 -0.125125244 0.189950690 0.973787665 -1.353429746
314080433 0.532139961 0.946026558 0.500000000 0.500000000 0.000000000 0.000000000 0.980634212 -0.120555021 0.154347181 0.573425937 0.146657199 0.974337697 -0.170756325 -0.061823666 -0.129800752 0.190085620 0.973149121 -1.365053305
314113800 0.532139961 0.946026558 0.500000000 0.500000000 0.000000000 0.000000000 0.979800701 -0.120869070 0.159314975 0.577789203 0.147821948 0.974305928 -0.169931293 -0.061812832 -0.134682089 0.190049052 0.972492695 -1.376315743
314147167 0.532139961 0.946026558 0.500000000 0.500000000 0.000000000 0.000000000 0.979101181 -0.120271996 0.163998693 0.582034585 0.148152247 0.974241316 -0.170014083 -0.060640746 -0.139326364 0.190757766 0.971699357 -1.388087496
314180533 0.532139961 0.946026558 0.500000000 0.500000000 0.000000000 0.000000000 0.978274286 -0.120084383 0.168994710 0.585730462 0.148978561 0.974074721 -0.170246392 -0.058376753 -0.144169539 0.191724256 0.970802248 -1.399741900
314213900 0.532139961 0.946026558 0.500000000 0.500000000 0.000000000 0.000000000 0.977639973 -0.118906699 0.173439533 0.589550700 0.148618758 0.974200964 -0.169837952 -0.057725391 -0.148770094 0.191816747 0.970089555 -1.410344264
314247267 0.532139961 0.946026558 0.500000000 0.500000000 0.000000000 0.000000000 0.977026641 -0.117842659 0.177572533 0.593727427 0.148278132 0.974358559 -0.169230476 -0.057729606 -0.153076753 0.191672817 0.969447792 -1.420295571
314280633 0.532139961 0.946026558 0.500000000 0.500000000 0.000000000 0.000000000 0.976238608 -0.117690220 0.181953743 0.597938800 0.148924977 0.974331498 -0.168817803 -0.056156679 -0.157415062 0.191903919 0.968707085 -1.430101872
314314000 0.532139961 0.946026558 0.500000000 0.500000000 0.000000000 0.000000000 0.975512862 -0.117311463 0.186044857 0.602367459 0.149293035 0.974342108 -0.168431297 -0.054473966 -0.161512420 0.192082092 0.967997015 -1.439945870
314347367 0.532139961 0.946026558 0.500000000 0.500000000 0.000000000 0.000000000 0.974990189 -0.115997307 0.189575255 0.606349966 0.148653150 0.974467874 -0.168269381 -0.053204794 -0.165216208 0.192241952 0.967339993 -1.448945088
314380733 0.532139961 0.946026558 0.500000000 0.500000000 0.000000000 0.000000000 0.974489450 -0.115080222 0.192683354 0.612068472 0.148202047 0.974687278 -0.167394280 -0.053188083 -0.168542251 0.191680029 0.966877580 -1.457338892
314414100 0.532139961 0.946026558 0.500000000 0.500000000 0.000000000 0.000000000 0.974016428 -0.114069194 0.195653155 0.617461597 0.147714734 0.974824429 -0.167025849 -0.052650804 -0.171674982 0.191586778 0.966344774 -1.466093030
